[gd_scene load_steps=4 format=3 uid="uid://dp1fkp3wyiu7k"]

[ext_resource type="FontFile" uid="uid://jlvsk3howg0g" path="res://assets/fonts/RINGM___.TTF" id="1_556qw"]
[ext_resource type="PackedScene" uid="uid://dkue1bq4ffn1r" path="res://src/main_camera.tscn" id="1_580h6"]
[ext_resource type="Script" path="res://src/ui/location_label.gd" id="4_ojk4a"]

[node name="LocationsWheel" type="Node3D"]
transform = Transform3D(1, 0, 0, 0, 1, 0, 0, 0, 1, 1.27462, 0, 0)

[node name="MainCamera" parent="." instance=ExtResource("1_580h6")]
transform = Transform3D(1, 0, 0, 0, 1, 0, 0, 0, 1, -1.2, 0.019, 1.005)
h_offset = 0.7

[node name="Labels" type="Node3D" parent="."]
unique_name_in_owner = true

[node name="Royal Tent" type="Label3D" parent="Labels"]
transform = Transform3D(1, 0, 0, 0, 0.834835, 0.550499, 0, -0.550499, 0.834835, 0, 0.44535, -0.111338)
transparency = 0.942268
text = "Royal Tent"
font = ExtResource("1_556qw")
font_size = 24
script = ExtResource("4_ojk4a")

[node name="Kingsguard" type="Label3D" parent="Labels"]
transform = Transform3D(1, 0, 0, 0, 0.965925, 0.258819, 0, -0.258819, 0.965925, 0, 0.2, -0.05)
transparency = 0.93
text = "Kingsguard"
font = ExtResource("1_556qw")
font_size = 24
script = ExtResource("4_ojk4a")

[node name="Central Field" type="Label3D" parent="Labels"]
text = "Central Field"
font = ExtResource("1_556qw")
font_size = 24
script = ExtResource("4_ojk4a")

[node name="Rear Guard" type="Label3D" parent="Labels"]
transform = Transform3D(1, 0, 0, 0, 0.965926, -0.258819, 0, 0.258819, 0.965926, 0, -0.2, -0.05)
transparency = 0.93
text = "Rear Guard"
font = ExtResource("1_556qw")
font_size = 24
script = ExtResource("4_ojk4a")

[node name="Straggler\'s Field" type="Label3D" parent="Labels"]
transform = Transform3D(1, 0, 0, 0, 0.866026, -0.5, 0, 0.5, 0.866026, 0, -0.4, -0.1)
transparency = 0.94
text = "Straggler's Field"
font = ExtResource("1_556qw")
font_size = 24
script = ExtResource("4_ojk4a")

[node name="Outer Woods" type="Label3D" parent="Labels"]
transform = Transform3D(1, 0, 0, 0, 0.707107, -0.707107, 0, 0.707107, 0.707107, 0, -0.6, -0.15)
transparency = 0.95
text = "Outer Woods"
font = ExtResource("1_556qw")
font_size = 24
script = ExtResource("4_ojk4a")

[node name="Deep Woods" type="Label3D" parent="Labels"]
transform = Transform3D(1, 0, 0, 0, 0.5, -0.866026, 0, 0.866026, 0.5, 0.00430191, -0.8, -0.2)
transparency = 0.96
text = "Deep Woods"
font = ExtResource("1_556qw")
font_size = 24
script = ExtResource("4_ojk4a")
