[gd_scene load_steps=5 format=3 uid="uid://dp1fkp3wyiu7k"]

[ext_resource type="FontFile" uid="uid://jlvsk3howg0g" path="res://assets/fonts/RINGM___.TTF" id="1_556qw"]
[ext_resource type="PackedScene" uid="uid://dkue1bq4ffn1r" path="res://src/main_camera.tscn" id="1_580h6"]
[ext_resource type="Script" path="res://src/ui/locations_wheel.gd" id="1_boe04"]
[ext_resource type="Script" path="res://src/ui/location_label.gd" id="4_ojk4a"]

[node name="LocationsWheel" type="Node3D"]
script = ExtResource("1_boe04")
focused_location = 4.0

[node name="MainCamera" parent="." instance=ExtResource("1_580h6")]
transform = Transform3D(1, 0, 0, 0, 1, 0, 0, 0, 1, -0.7, 0, 0.828)
script = null

[node name="Labels" type="Node3D" parent="."]
unique_name_in_owner = true

[node name="Royal Tent" type="Label3D" parent="Labels"]
transform = Transform3D(1, 0, 0, 0, 0.756994, 0.65342, 0, -0.65342, 0.756994, 0, 0.68, -0.17)
modulate = Color(1, 1, 1, 0.074)
text = "Royal Tent"
font = ExtResource("1_556qw")
font_size = 24
script = ExtResource("4_ojk4a")

[node name="Kingsguard" type="Label3D" parent="Labels"]
transform = Transform3D(1, 0, 0, 0, 0.844327, 0.535826, 0, -0.535826, 0.844327, 0, 0.54, -0.135)
modulate = Color(1, 1, 1, 0.172)
text = "Kingsguard"
font = ExtResource("1_556qw")
font_size = 24
script = ExtResource("4_ojk4a")

[node name="Central Field" type="Label3D" parent="Labels"]
transform = Transform3D(1, 0, 0, 0, 0.921863, 0.387516, 0, -0.387516, 0.921863, 0, 0.38, -0.095)
modulate = Color(1, 1, 1, 0.284)
text = "Central Field"
font = ExtResource("1_556qw")
font_size = 24
script = ExtResource("4_ojk4a")

[node name="Rear Guard" type="Label3D" parent="Labels"]
transform = Transform3D(1, 0, 0, 0, 0.978148, 0.207912, 0, -0.207912, 0.978148, 0, 0.2, -0.05)
modulate = Color(1, 1, 1, 0.41)
text = "Rear Guard"
font = ExtResource("1_556qw")
font_size = 24
script = ExtResource("4_ojk4a")

[node name="Straggler\'s Field" type="Label3D" parent="Labels"]
transform = Transform3D(1, 0, 0, 0, 1, 0, 0, 0, 1, 0, 0, 0)
text = "Straggler's Field"
font = ExtResource("1_556qw")
font_size = 24
script = ExtResource("4_ojk4a")

[node name="Outer Woods" type="Label3D" parent="Labels"]
transform = Transform3D(1, 0, 0, 0, 0.941553, -0.336865, 0, 0.336865, 0.941553, 0, -0.3281, -0.082025)
modulate = Color(1, 1, 1, 0.32033)
text = "Outer Woods"
font = ExtResource("1_556qw")
font_size = 24
script = ExtResource("4_ojk4a")

[node name="Deep Woods" type="Label3D" parent="Labels"]
transform = Transform3D(1, 0, 0, 0, 0.869098, -0.49464, 0, 0.49464, 0.869098, 0, -0.4941, -0.123525)
modulate = Color(1, 1, 1, 0.20413)
text = "Deep Woods"
font = ExtResource("1_556qw")
font_size = 24
script = ExtResource("4_ojk4a")
